Sobol Indices for tumor_persistance:
 {'S1': array([-13070.81526877,    -27.58301688,      0.        ,    -30.06663588]), 'S1_conf': array([14782.49655136,    58.60662386,     0.        ,   163.07203461]), 'ST': array([1.08426759e+05, 4.32985918e-01, 0.00000000e+00, 1.24665895e+00]), 'ST_conf': array([1.21890078e+05, 9.23905642e-01, 0.00000000e+00, 4.61753231e+00]), 'S2': array([[            nan,  1.30482458e+04,  1.30470476e+04,
         1.30484502e+04],
       [            nan,             nan, -2.06309929e+04,
        -2.06043067e+04],
       [            nan,             nan,             nan,
         6.75015599e-14],
       [            nan,             nan,             nan,
                    nan]]), 'S2_conf': array([[           nan, 1.49676390e+04, 1.49695231e+04, 1.49654049e+04],
       [           nan,            nan, 2.32731872e+04, 2.32428792e+04],
       [           nan,            nan,            nan, 2.45465226e-13],
       [           nan,            nan,            nan,            nan]])}